date	time	latitude	longitude	tcwv	reflectance	sza	saa	vza	vaa	am	epsilon	I0	elevation	ssrd_wm2	alpha	beta
20220817	00	-5.25	110.25	47.909	0.155	72.73	74.101	30.868	-100.293	3.368	0.977	1329.724	0.0	81.227	1.49	0.163
20220817	00	-5.25	111.0	45.952	0.047	72.003	73.965	30.12	-100.526	3.237	0.977	1329.724	0.0	68.48	1.344	0.087
20220817	00	-5.25	111.75	42.948	0.055	71.295	73.83	29.393	-100.765	3.118	0.977	1329.724		72.942	1.144	0.057
20220817	00	-5.25	112.5	40.081	0.183	70.568	73.687	28.647	-101.024	3.006	0.977	1329.724	0.0	121.653	1.022	0.063
20220817	00	-5.25	113.25	38.747	0.157	69.861	73.544	27.921	-101.29	2.904	0.977	1329.724		127.36	1.003	0.085
20220817	00	-5.25	114.0	39.011	0.07	69.135	73.394	27.176	-101.579	2.808	0.977	1329.724	0.0	162.844	0.99	0.102
20220817	00	-5.25	114.75	40.055	0.063	68.43	73.244	26.451	-101.877	2.72	0.977	1329.724	0.0	165.564	0.954	0.112
20220817	00	-5.25	115.5	41.823	0.034	67.705	73.086	25.708	-102.201	2.636	0.977	1329.724		133.564	0.929	0.111
20220817	00	-5.25	116.25	43.809	0.016	67.0	72.928	24.985	-102.535	2.559	0.977	1329.724		106.436	0.937	0.11
20220817	00	-6.0	110.25	47.292	0.272	72.934	73.881	30.99	-101.713	3.408	0.977	1329.724	0.0	65.991	1.609	0.19
20220817	00	-6.0	111.0	46.048	0.235	72.208	73.736	30.246	-101.977	3.273	0.977	1329.724	0.0	73.12	1.554	0.1
20220817	00	-6.0	111.75	43.626	0.073	71.502	73.591	29.522	-102.247	3.152	0.977	1329.724	0.0	114.311	1.364	0.031
20220817	00	-6.0	112.5	38.891	0.02	70.777	73.438	28.78	-102.54	3.037	0.977	1329.724	0.0	122.898	1.15	0.027
20220817	00	-6.0	113.25	36.114	0.067	70.072	73.285	28.058	-102.84	2.934	0.977	1329.724	0.0	115.822	1.123	0.064
20220817	00	-6.0	114.0	36.714	0.072	69.349	73.125	27.317	-103.166	2.835	0.977	1329.724	0.0	104.249	1.098	0.084
20220817	00	-6.0	114.75	38.128	0.035	68.645	72.966	26.597	-103.501	2.746	0.977	1329.724	0.0	167.289	1.022	0.095
20220817	00	-6.0	115.5	39.313	0.025	67.922	72.797	25.859	-103.866	2.661	0.977	1329.724	0.0	177.422	0.935	0.094
20220817	00	-6.0	116.25	40.843	0.03	67.22	72.63	25.141	-104.243	2.583	0.977	1329.724	0.0	168.996	0.852	0.094
20220817	00	-6.75	110.25	38.61	0.028	73.147	73.659	31.131	-103.161	3.449	0.977	1329.724	0.0	96.338	1.59	0.145
20220817	00	-6.75	111.0	40.528	0.038	72.423	73.503	30.391	-103.455	3.311	0.977	1329.724	36.0	115.449	1.62	0.132
20220817	00	-6.75	111.75	41.19	0.038	71.718	73.348	29.672	-103.756	3.188	0.977	1329.724	0.0	108.107	1.648	0.08
20220817	00	-6.75	112.5	37.194	0.035	70.996	73.185	28.934	-104.082	3.071	0.977	1329.724	0.0	124.693	1.432	0.03
20220817	00	-6.75	113.25	34.825	0.024	70.292	73.023	28.217	-104.416	2.965	0.977	1329.724	0.0	136.676	1.321	0.049
20220817	00	-6.75	114.0	36.489	0.02	69.571	72.853	27.481	-104.778	2.865	0.977	1329.724	0.0	138.596	1.317	0.078
20220817	00	-6.75	114.75	38.686	0.018	68.869	72.683	26.767	-105.152	2.774	0.977	1329.724	0.0	123.822	1.235	0.096
20220817	00	-6.75	115.5	39.499	0.02	68.149	72.505	26.034	-105.557	2.687	0.977	1329.724	0.0	173.653	1.131	0.092
20220817	00	-6.75	116.25	40.993	0.032	67.448	72.327	25.321	-105.975	2.607	0.977	1329.724	0.0	174.133	0.989	0.089
20220817	00	-7.5	110.25	29.145	0.074	73.356	73.445	31.283	-104.558	3.491	0.977	1329.724	340.0	87.662	1.397	0.088
20220817	00	-7.5	111.0	30.833	0.03	72.634	73.28	30.548	-104.881	3.35	0.977	1329.724	158.0	107.627	1.525	0.075
20220817	00	-7.5	111.75	33.419	0.023	71.932	73.116	29.834	-105.211	3.224	0.977	1329.724	152.0	127.271	1.652	0.102
20220817	00	-7.5	112.5	31.13	0.032	71.211	72.943	29.101	-105.568	3.105	0.977	1329.724	27.0	125.724	1.562	0.068
20220817	00	-7.5	113.25	29.788	0.016	70.51	72.771	28.389	-105.934	2.997	0.977	1329.724	0.0	148.16	1.394	0.064
20220817	00	-7.5	114.0	32.475	0.015	69.791	72.591	27.659	-106.331	2.895	0.977	1329.724	0.0	152.498	1.361	0.087
20220817	00	-7.5	114.75	38.386	0.155	69.091	72.412	26.949	-106.739	2.802	0.977	1329.724	0.0	135.484	1.366	0.108
20220817	00	-7.5	115.5	39.647	0.034	68.373	72.224	26.222	-107.182	2.713	0.977	1329.724	0.0	136.462	1.291	0.106
20220817	00	-7.5	116.25	40.63	0.053	67.675	72.036	25.516	-107.638	2.633	0.977	1329.724		173.209	1.194	0.092
20220817	00	-8.25	110.25	30.055	0.035	73.574	73.229	31.456	-105.98	3.536	0.977	1329.724	0.0	88.924	1.053	0.053
20220817	00	-8.25	111.0	28.577	0.024	72.854	73.054	30.726	-106.331	3.392	0.977	1329.724	0.0	84.622	1.09	0.037
20220817	00	-8.25	111.75	27.075	0.144	72.154	72.88	30.016	-106.69	3.263	0.977	1329.724	179.0	119.396	1.155	0.031
20220817	00	-8.25	112.5	25.343	0.044	71.436	72.698	29.289	-107.077	3.141	0.977	1329.724	450.0	139.591	1.195	0.041
20220817	00	-8.25	113.25	24.546	0.024	70.737	72.516	28.583	-107.475	3.031	0.977	1329.724	5.0	138.809	1.29	0.076
20220817	00	-8.25	114.0	26.887	0.052	70.02	72.326	27.859	-107.905	2.927	0.977	1329.724	520.0	126.009	1.298	0.096
20220817	00	-8.25	114.75	33.192	0.126	69.322	72.137	27.155	-108.347	2.832	0.977	1329.724	685.0	150.098	1.346	0.119
20220817	00	-8.25	115.5	34.772	0.032	68.607	71.939	26.435	-108.827	2.742	0.977	1329.724	307.0	153.813	1.389	0.118
20220817	00	-8.25	116.25	35.075	0.091	67.911	71.741	25.736	-109.321	2.659	0.977	1329.724	0.0	156.302	1.329	0.094
20220817	00	-9.0	110.25	31.38	0.02	73.789	73.022	31.639	-107.351	3.582	0.977	1329.724		94.4	0.89	0.057
20220817	00	-9.0	111.0	30.8	0.031	73.071	72.837	30.914	-107.728	3.434	0.977	1329.724		91.324	0.869	0.049
20220817	00	-9.0	111.75	29.52	0.05	72.373	72.654	30.21	-108.113	3.302	0.977	1329.724		113.262	0.877	0.043
20220817	00	-9.0	112.5	28.175	0.02	71.657	72.462	29.489	-108.53	3.178	0.977	1329.724		127.2	0.86	0.05
20220817	00	-9.0	113.25	27.288	0.028	70.961	72.271	28.788	-108.956	3.065	0.977	1329.724		137.316	0.9	0.066
20220817	00	-9.0	114.0	27.792	0.016	70.246	72.072	28.07	-109.417	2.959	0.977	1329.724		130.062	1.052	0.09
20220817	00	-9.0	114.75	30.647	0.09	69.551	71.873	27.373	-109.891	2.862	0.977	1329.724		127.804	1.175	0.108
20220817	00	-9.0	115.5	31.839	0.054	68.838	71.665	26.66	-110.405	2.77	0.977	1329.724		132.018	1.268	0.111
20220817	00	-9.0	116.25	32.19	0.106	68.145	71.458	25.967	-110.933	2.686	0.977	1329.724		139.413	1.298	0.098
20220817	03	-5.25	110.25	47.195	0.029	31.725	53.62	30.868	-100.293	1.176	0.977	1329.724	0.0	605.227	1.462	0.109
20220817	03	-5.25	111.0	45.978	0.015	31.119	52.809	30.12	-100.526	1.168	0.977	1329.724	0.0	479.591	1.284	0.065
20220817	03	-5.25	111.75	43.91	0.013	30.535	51.987	29.393	-100.765	1.161	0.977	1329.724		634.08	1.094	0.063
20220817	03	-5.25	112.5	41.435	0.019	29.942	51.11	28.647	-101.024	1.154	0.977	1329.724	0.0	751.093	1.021	0.081
20220817	03	-5.25	113.25	40.639	0.018	29.372	50.222	27.921	-101.29	1.148	0.977	1329.724		752.32	1.004	0.096
20220817	03	-5.25	114.0	42.017	0.036	28.794	49.273	27.176	-101.579	1.141	0.977	1329.724	0.0	756.836	0.979	0.105
20220817	03	-5.25	114.75	43.564	0.014	28.24	48.312	26.451	-101.877	1.135	0.977	1329.724	0.0	746.364	0.94	0.108
20220817	03	-5.25	115.5	45.223	0.037	27.679	47.284	25.708	-102.201	1.129	0.977	1329.724		596.996	0.913	0.108
20220817	03	-5.25	116.25	46.574	0.011	27.142	46.243	24.985	-102.535	1.124	0.977	1329.724		536.693	0.934	0.104
20220817	03	-6.0	110.25	46.58	0.04	32.169	52.671	30.99	-101.713	1.181	0.977	1329.724	0.0	666.613	1.629	0.147
20220817	03	-6.0	111.0	45.326	0.078	31.571	51.847	30.246	-101.977	1.174	0.977	1329.724	0.0	595.591	1.595	0.079
20220817	03	-6.0	111.75	42.6	0.033	30.995	51.014	29.522	-102.247	1.167	0.977	1329.724	0.0	621.191	1.481	0.053
20220817	03	-6.0	112.5	39.357	0.012	30.412	50.126	28.78	-102.54	1.16	0.977	1329.724	0.0	694.098	1.253	0.061
20220817	03	-6.0	113.25	38.363	0.01	29.85	49.229	28.058	-102.84	1.153	0.977	1329.724	0.0	691.467	1.156	0.083
20220817	03	-6.0	114.0	39.726	0.01	29.282	48.271	27.317	-103.166	1.146	0.977	1329.724	0.0	672.996	1.098	0.095
20220817	03	-6.0	114.75	41.189	0.01	28.737	47.301	26.597	-103.501	1.14	0.977	1329.724	0.0	674.453	1.0	0.095
20220817	03	-6.0	115.5	42.387	0.009	28.186	46.267	25.859	-103.866	1.135	0.977	1329.724	0.0	680.96	0.896	0.092
20220817	03	-6.0	116.25	43.389	0.01	27.659	45.221	25.141	-104.243	1.129	0.977	1329.724	0.0	718.418	0.821	0.089
20220817	03	-6.75	110.25	38.279	0.015	32.634	51.724	31.131	-103.161	1.187	0.977	1329.724	0.0	681.156	1.633	0.137
20220817	03	-6.75	111.0	39.912	0.023	32.045	50.89	30.391	-103.455	1.18	0.977	1329.724	36.0	695.236	1.669	0.118
20220817	03	-6.75	111.75	39.342	0.023	31.479	50.047	29.672	-103.756	1.173	0.977	1329.724	0.0	713.884	1.682	0.099
20220817	03	-6.75	112.5	36.465	0.011	30.904	49.149	28.934	-104.082	1.165	0.977	1329.724	0.0	723.449	1.549	0.07
20220817	03	-6.75	113.25	36.998	0.029	30.352	48.243	28.217	-104.416	1.159	0.977	1329.724	0.0	732.213	1.355	0.08
20220817	03	-6.75	114.0	39.92	0.151	29.793	47.277	27.481	-104.778	1.152	0.977	1329.724	0.0	583.751	1.306	0.096
20220817	03	-6.75	114.75	41.635	0.009	29.257	46.302	26.767	-105.152	1.146	0.977	1329.724	0.0	581.689	1.21	0.102
20220817	03	-6.75	115.5	42.498	0.01	28.716	45.262	26.034	-105.557	1.14	0.977	1329.724	0.0	724.729	1.095	0.089
20220817	03	-6.75	116.25	44.062	0.008	28.199	44.212	25.321	-105.975	1.135	0.977	1329.724	0.0	752.373	0.951	0.087
20220817	03	-7.5	110.25	28.629	0.044	33.097	50.831	31.283	-104.558	1.194	0.977	1329.724	340.0	705.12	1.454	0.076
20220817	03	-7.5	111.0	30.387	0.022	32.517	49.986	30.548	-104.881	1.186	0.977	1329.724	158.0	618.507	1.562	0.075
20220817	03	-7.5	111.75	32.555	0.016	31.958	49.135	29.834	-105.211	1.179	0.977	1329.724	152.0	692.32	1.65	0.092
20220817	03	-7.5	112.5	30.615	0.039	31.392	48.23	29.101	-105.568	1.171	0.977	1329.724	27.0	729.28	1.59	0.085
20220817	03	-7.5	113.25	31.369	0.008	30.849	47.316	28.389	-105.934	1.165	0.977	1329.724	0.0	776.249	1.413	0.081
20220817	03	-7.5	114.0	36.107	0.071	30.299	46.344	27.659	-106.331	1.158	0.977	1329.724	0.0	778.702	1.366	0.096
20220817	03	-7.5	114.75	40.699	0.018	29.773	45.364	26.949	-106.739	1.152	0.977	1329.724	0.0	657.333	1.351	0.11
20220817	03	-7.5	115.5	41.31	0.011	29.242	44.321	26.222	-107.182	1.146	0.977	1329.724	0.0	696.16	1.272	0.098
20220817	03	-7.5	116.25	43.031	0.01	28.734	43.268	25.516	-107.638	1.14	0.977	1329.724		695.36	1.159	0.082
20220817	03	-8.25	110.25	28.963	0.01	33.582	49.941	31.456	-105.98	1.2	0.977	1329.724	0.0	681.564	1.021	0.044
20220817	03	-8.25	111.0	28.23	0.011	33.01	49.088	30.726	-106.331	1.192	0.977	1329.724	0.0	615.218	1.059	0.038
20220817	03	-8.25	111.75	26.379	0.094	32.46	48.229	30.016	-106.69	1.185	0.977	1329.724	179.0	567.52	1.117	0.041
20220817	03	-8.25	112.5	24.848	0.024	31.903	47.317	29.289	-107.077	1.178	0.977	1329.724	450.0	737.138	1.197	0.055
20220817	03	-8.25	113.25	25.697	0.019	31.369	46.397	28.583	-107.475	1.171	0.977	1329.724	5.0	751.342	1.293	0.081
20220817	03	-8.25	114.0	29.883	0.125	30.829	45.42	27.859	-107.905	1.165	0.977	1329.724	520.0	764.942	1.32	0.105
20220817	03	-8.25	114.75	35.07	0.09	30.311	44.436	27.155	-108.347	1.158	0.977	1329.724	685.0	722.933	1.345	0.119
20220817	03	-8.25	115.5	35.769	0.036	29.79	43.391	26.435	-108.827	1.152	0.977	1329.724	307.0	698.116	1.362	0.103
20220817	03	-8.25	116.25	36.973	0.019	29.291	42.337	25.736	-109.321	1.147	0.977	1329.724	0.0	721.067	1.289	0.079
20220817	03	-9.0	110.25	30.863	0.008	34.062	49.1	31.639	-107.351	1.207	0.977	1329.724		704.267	0.808	0.055
20220817	03	-9.0	111.0	29.564	0.073	33.499	48.24	30.914	-107.728	1.199	0.977	1329.724		720.444	0.8	0.054
20220817	03	-9.0	111.75	27.84	0.013	32.957	47.375	30.21	-108.113	1.192	0.977	1329.724		737.173	0.835	0.053
20220817	03	-9.0	112.5	26.666	0.008	32.409	46.457	29.489	-108.53	1.184	0.977	1329.724		728.124	0.866	0.063
20220817	03	-9.0	113.25	27.223	0.012	31.883	45.533	28.788	-108.956	1.178	0.977	1329.724		733.316	0.969	0.079
20220817	03	-9.0	114.0	29.73	0.022	31.352	44.553	28.07	-109.417	1.171	0.977	1329.724		682.827	1.109	0.101
20220817	03	-9.0	114.75	32.81	0.055	30.844	43.566	27.373	-109.891	1.165	0.977	1329.724		614.471	1.2	0.111
20220817	03	-9.0	115.5	33.162	0.047	30.331	42.519	26.66	-110.405	1.159	0.977	1329.724		599.324	1.244	0.097
20220817	03	-9.0	116.25	33.185	0.012	29.842	41.466	25.967	-110.933	1.153	0.977	1329.724		723.947	1.269	0.079
20220817	06	-5.25	110.25	45.405	0.02	26.687	314.566	30.868	-100.293	1.119	0.977	1329.724	0.0	631.822	1.423	0.075
20220817	06	-5.25	111.0	44.106	0.054	27.232	313.462	30.12	-100.526	1.125	0.977	1329.724	0.0	717.618	1.261	0.064
20220817	06	-5.25	111.75	42.811	0.027	27.771	312.43	29.393	-100.765	1.13	0.977	1329.724		662.969	1.116	0.076
20220817	06	-5.25	112.5	41.811	0.01	28.334	311.412	28.647	-101.024	1.136	0.977	1329.724	0.0	624.498	1.041	0.095
20220817	06	-5.25	113.25	42.45	0.01	28.891	310.459	27.921	-101.29	1.142	0.977	1329.724		763.538	1.017	0.102
20220817	06	-5.25	114.0	44.497	0.011	29.471	309.518	27.176	-101.579	1.149	0.977	1329.724	0.0	830.809	0.974	0.107
20220817	06	-5.25	114.75	46.606	0.012	30.043	308.638	26.451	-101.877	1.155	0.977	1329.724	0.0	791.164	0.921	0.107
20220817	06	-5.25	115.5	47.911	0.013	30.638	307.768	25.708	-102.201	1.162	0.977	1329.724		699.022	0.897	0.104
20220817	06	-5.25	116.25	48.02	0.05	31.223	306.954	24.985	-102.535	1.169	0.977	1329.724		642.756	0.909	0.096
20220817	06	-6.0	110.25	44.983	0.012	27.211	315.594	30.99	-101.713	1.124	0.977	1329.724	0.0	781.333	1.652	0.108
20220817	06	-6.0	111.0	43.829	0.011	27.746	314.486	30.246	-101.977	1.13	0.977	1329.724	0.0	845.529	1.597	0.079
20220817	06	-6.0	111.75	41.577	0.018	28.275	313.448	29.522	-102.247	1.135	0.977	1329.724	0.0	811.396	1.461	0.073
20220817	06	-6.0	112.5	39.725	0.013	28.829	312.422	28.78	-102.54	1.141	0.977	1329.724	0.0	816.818	1.25	0.079
20220817	06	-6.0	113.25	40.288	0.01	29.376	311.461	28.058	-102.84	1.148	0.977	1329.724	0.0	773.298	1.162	0.092
20220817	06	-6.0	114.0	42.209	0.01	29.947	310.511	27.317	-103.166	1.154	0.977	1329.724	0.0	828.107	1.088	0.097
20220817	06	-6.0	114.75	43.999	0.013	30.51	309.621	26.597	-103.501	1.161	0.977	1329.724	0.0	787.004	0.974	0.092
20220817	06	-6.0	115.5	44.856	0.015	31.096	308.74	25.859	-103.866	1.168	0.977	1329.724	0.0	793.6	0.87	0.087
20220817	06	-6.0	116.25	44.92	0.016	31.673	307.915	25.141	-104.243	1.175	0.977	1329.724	0.0	773.884	0.803	0.086
20220817	06	-6.75	110.25	38.741	0.012	27.759	316.607	31.131	-103.161	1.13	0.977	1329.724	0.0	821.404	1.669	0.135
20220817	06	-6.75	111.0	40.36	0.021	28.283	315.496	30.391	-103.455	1.136	0.977	1329.724	36.0	853.991	1.686	0.122
20220817	06	-6.75	111.75	38.981	0.02	28.803	314.454	29.672	-103.756	1.141	0.977	1329.724	0.0	866.276	1.658	0.1
20220817	06	-6.75	112.5	37.631	0.014	29.346	313.423	28.934	-104.082	1.147	0.977	1329.724	0.0	798.507	1.512	0.092
20220817	06	-6.75	113.25	40.03	0.012	29.884	312.455	28.217	-104.416	1.153	0.977	1329.724	0.0	762.827	1.339	0.089
20220817	06	-6.75	114.0	42.67	0.01	30.445	311.497	27.481	-104.778	1.16	0.977	1329.724	0.0	776.604	1.268	0.096
20220817	06	-6.75	114.75	43.985	0.027	31.0	310.598	26.767	-105.152	1.167	0.977	1329.724	0.0	834.151	1.167	0.095
20220817	06	-6.75	115.5	45.09	0.01	31.577	309.707	26.034	-105.557	1.174	0.977	1329.724	0.0	817.547	1.043	0.082
20220817	06	-6.75	116.25	45.883	0.009	32.145	308.872	25.321	-105.975	1.181	0.977	1329.724	0.0	744.409	0.926	0.081
20220817	06	-7.5	110.25	29.54	0.015	28.301	317.553	31.283	-104.558	1.136	0.977	1329.724	340.0	742.72	1.506	0.074
20220817	06	-7.5	111.0	31.586	0.02	28.815	316.442	30.548	-104.881	1.141	0.977	1329.724	158.0	806.133	1.592	0.081
20220817	06	-7.5	111.75	34.014	0.022	29.325	315.397	29.834	-105.211	1.147	0.977	1329.724	152.0	749.333	1.66	0.11
20220817	06	-7.5	112.5	33.047	0.08	29.859	314.362	29.101	-105.568	1.153	0.977	1329.724	27.0	872.124	1.642	0.129
20220817	06	-7.5	113.25	35.127	0.012	30.388	313.389	28.389	-105.934	1.159	0.977	1329.724	0.0	855.68	1.452	0.103
20220817	06	-7.5	114.0	39.377	0.008	30.94	312.424	27.659	-106.331	1.166	0.977	1329.724	0.0	806.791	1.361	0.101
20220817	06	-7.5	114.75	42.409	0.008	31.486	311.518	26.949	-106.739	1.173	0.977	1329.724	0.0	767.271	1.31	0.1
20220817	06	-7.5	115.5	42.993	0.015	32.054	310.619	26.222	-107.182	1.18	0.977	1329.724	0.0	813.298	1.209	0.088
20220817	06	-7.5	116.25	45.237	0.011	32.614	309.774	25.516	-107.638	1.187	0.977	1329.724		794.56	1.08	0.073
20220817	06	-8.25	110.25	28.274	0.008	28.866	318.487	31.456	-105.98	1.142	0.977	1329.724	0.0	667.556	0.999	0.043
20220817	06	-8.25	111.0	28.092	0.033	29.37	317.375	30.726	-106.331	1.147	0.977	1329.724	0.0	754.702	1.063	0.042
20220817	06	-8.25	111.75	26.924	0.089	29.871	316.329	30.016	-106.69	1.153	0.977	1329.724	179.0	700.676	1.142	0.051
20220817	06	-8.25	112.5	27.061	0.019	30.395	315.29	29.289	-107.077	1.159	0.977	1329.724	450.0	802.56	1.256	0.08
20220817	06	-8.25	113.25	29.729	0.023	30.915	314.313	28.583	-107.475	1.166	0.977	1329.724	5.0	746.382	1.329	0.116
20220817	06	-8.25	114.0	32.93	0.123	31.457	313.344	27.859	-107.905	1.172	0.977	1329.724	520.0	706.08	1.334	0.113
20220817	06	-8.25	114.75	36.926	0.063	31.994	312.431	27.155	-108.347	1.179	0.977	1329.724	685.0	739.662	1.337	0.104
20220817	06	-8.25	115.5	37.381	0.011	32.553	311.525	26.435	-108.827	1.186	0.977	1329.724	307.0	736.996	1.314	0.089
20220817	06	-8.25	116.25	40.002	0.14	33.105	310.673	25.736	-109.321	1.194	0.977	1329.724	0.0	810.56	1.234	0.07
20220817	06	-9.0	110.25	29.188	0.007	29.424	319.359	31.639	-107.351	1.148	0.977	1329.724		863.662	0.776	0.054
20220817	06	-9.0	111.0	27.432	0.071	29.918	318.248	30.914	-107.728	1.154	0.977	1329.724		859.644	0.795	0.057
20220817	06	-9.0	111.75	26.391	0.009	30.41	317.202	30.21	-108.113	1.16	0.977	1329.724		870.4	0.852	0.062
20220817	06	-9.0	112.5	27.118	0.009	30.925	316.162	29.489	-108.53	1.166	0.977	1329.724		829.564	0.937	0.073
20220817	06	-9.0	113.25	30.219	0.008	31.436	315.182	28.788	-108.956	1.172	0.977	1329.724		795.644	1.056	0.09
20220817	06	-9.0	114.0	33.247	0.011	31.969	314.208	28.07	-109.417	1.179	0.977	1329.724		783.218	1.161	0.103
20220817	06	-9.0	114.75	35.268	0.01	32.497	313.291	27.373	-109.891	1.186	0.977	1329.724		787.556	1.231	0.104
20220817	06	-9.0	115.5	35.391	0.008	33.048	312.379	26.66	-110.405	1.193	0.977	1329.724		700.604	1.238	0.086
20220817	06	-9.0	116.25	35.981	0.009	33.592	311.52	25.967	-110.933	1.2	0.977	1329.724		767.307	1.252	0.072
20220817	09	-5.25	110.25	44.496	0.077	66.406	287.075	30.868	-100.293	2.498	0.977	1329.724	0.0	401.6	1.385	0.07
20220817	09	-5.25	111.0	42.671	0.025	67.129	286.91	30.12	-100.526	2.573	0.977	1329.724	0.0	381.44	1.243	0.067
20220817	09	-5.25	111.75	40.867	0.025	67.835	286.754	29.393	-100.765	2.651	0.977	1329.724		351.022	1.116	0.077
20220817	09	-5.25	112.5	41.084	0.023	68.56	286.597	28.647	-101.024	2.736	0.977	1329.724	0.0	384.356	1.069	0.091
20220817	09	-5.25	113.25	43.066	0.012	69.266	286.448	27.921	-101.29	2.825	0.977	1329.724		361.636	1.028	0.095
20220817	09	-5.25	114.0	45.681	0.065	69.992	286.299	27.176	-101.579	2.923	0.977	1329.724	0.0	360.018	0.967	0.099
20220817	09	-5.25	114.75	47.511	0.038	70.7	286.158	26.451	-101.877	3.026	0.977	1329.724	0.0	339.413	0.914	0.096
20220817	09	-5.25	115.5	48.306	0.023	71.427	286.016	25.708	-102.201	3.14	0.977	1329.724		335.964	0.886	0.093
20220817	09	-5.25	116.25	47.738	0.022	72.136	285.882	24.985	-102.535	3.26	0.977	1329.724		309.209	0.89	0.09
20220817	09	-6.0	110.25	43.97	0.029	66.625	287.382	30.99	-101.713	2.52	0.977	1329.724	0.0	431.431	1.637	0.088
20220817	09	-6.0	111.0	42.558	0.031	67.347	287.207	30.246	-101.977	2.596	0.977	1329.724	0.0	385.902	1.561	0.075
20220817	09	-6.0	111.75	40.054	0.021	68.05	287.041	29.522	-102.247	2.675	0.977	1329.724	0.0	393.156	1.391	0.069
20220817	09	-6.0	112.5	39.132	0.016	68.773	286.874	28.78	-102.54	2.762	0.977	1329.724	0.0	377.6	1.238	0.073
20220817	09	-6.0	113.25	40.345	0.015	69.477	286.715	28.058	-102.84	2.852	0.977	1329.724	0.0	353.387	1.139	0.082
20220817	09	-6.0	114.0	43.22	0.041	70.202	286.556	27.317	-103.166	2.952	0.977	1329.724	0.0	328.462	1.072	0.086
20220817	09	-6.0	114.75	45.343	0.016	70.907	286.405	26.597	-103.501	3.057	0.977	1329.724	0.0	316.089	0.967	0.086
20220817	09	-6.0	115.5	45.835	0.033	71.633	286.254	25.859	-103.866	3.174	0.977	1329.724	0.0	273.564	0.861	0.083
20220817	09	-6.0	116.25	45.142	0.021	72.34	286.11	25.141	-104.243	3.296	0.977	1329.724	0.0	335.307	0.814	0.082
20220817	09	-6.75	110.25	40.683	0.027	66.854	287.693	31.131	-103.161	2.544	0.977	1329.724	0.0	345.564	1.677	0.141
20220817	09	-6.75	111.0	41.242	0.026	67.573	287.508	30.391	-103.455	2.621	0.977	1329.724	36.0	392.853	1.679	0.123
20220817	09	-6.75	111.75	40.046	0.035	68.274	287.332	29.672	-103.756	2.702	0.977	1329.724	0.0	360.302	1.63	0.111
20220817	09	-6.75	112.5	39.037	0.024	68.995	287.155	28.934	-104.082	2.79	0.977	1329.724	0.0	369.564	1.515	0.099
20220817	09	-6.75	113.25	41.683	0.019	69.698	286.986	28.217	-104.416	2.882	0.977	1329.724	0.0	351.147	1.325	0.085
20220817	09	-6.75	114.0	43.761	0.035	70.42	286.817	27.481	-104.778	2.984	0.977	1329.724	0.0	359.076	1.224	0.084
20220817	09	-6.75	114.75	45.402	0.12	71.124	286.656	26.767	-105.152	3.091	0.977	1329.724	0.0	345.938	1.137	0.083
20220817	09	-6.75	115.5	46.767	0.015	71.847	286.495	26.034	-105.557	3.21	0.977	1329.724	0.0	328.924	1.019	0.075
20220817	09	-6.75	116.25	46.849	0.016	72.552	286.341	25.321	-105.975	3.335	0.977	1329.724	0.0	314.258	0.912	0.074
20220817	09	-7.5	110.25	31.646	0.018	67.081	287.993	31.283	-104.558	2.568	0.977	1329.724	340.0	334.844	1.509	0.093
20220817	09	-7.5	111.0	33.658	0.042	67.798	287.797	30.548	-104.881	2.646	0.977	1329.724	158.0	352.818	1.596	0.098
20220817	09	-7.5	111.75	36.878	0.03	68.497	287.611	29.834	-105.211	2.728	0.977	1329.724	152.0	286.187	1.678	0.145
20220817	09	-7.5	112.5	36.517	0.031	69.215	287.424	29.101	-105.568	2.818	0.977	1329.724	27.0	348.231	1.664	0.172
20220817	09	-7.5	113.25	39.488	0.019	69.916	287.246	28.389	-105.934	2.912	0.977	1329.724	0.0	366.88	1.469	0.122
20220817	09	-7.5	114.0	41.763	0.016	70.636	287.067	27.659	-106.331	3.016	0.977	1329.724	0.0	328.996	1.347	0.1
20220817	09	-7.5	114.75	43.867	0.016	71.337	286.897	26.949	-106.739	3.125	0.977	1329.724	0.0	355.858	1.248	0.085
20220817	09	-7.5	115.5	44.806	0.015	72.059	286.726	26.222	-107.182	3.246	0.977	1329.724	0.0	344.64	1.144	0.076
20220817	09	-7.5	116.25	47.419	0.014	72.761	286.562	25.516	-107.638	3.374	0.977	1329.724		303.893	1.04	0.068
20220817	09	-8.25	110.25	28.793	0.017	67.317	288.296	31.456	-105.98	2.593	0.977	1329.724	0.0	416.907	0.952	0.05
20220817	09	-8.25	111.0	28.968	0.019	68.032	288.091	30.726	-106.331	2.673	0.977	1329.724	0.0	353.156	1.061	0.051
20220817	09	-8.25	111.75	28.828	0.127	68.728	287.895	30.016	-106.69	2.756	0.977	1329.724	179.0	335.876	1.164	0.063
20220817	09	-8.25	112.5	30.089	0.032	69.444	287.698	29.289	-107.077	2.848	0.977	1329.724	450.0	273.28	1.294	0.094
20220817	09	-8.25	113.25	33.964	0.026	70.143	287.51	28.583	-107.475	2.944	0.977	1329.724	5.0	307.964	1.374	0.124
20220817	09	-8.25	114.0	36.197	0.171	70.86	287.321	27.859	-107.905	3.05	0.977	1329.724	520.0	213.653	1.356	0.115
20220817	09	-8.25	114.75	39.173	0.087	71.56	287.141	27.155	-108.347	3.161	0.977	1329.724	685.0	335.076	1.286	0.095
20220817	09	-8.25	115.5	40.525	0.015	72.279	286.96	26.435	-108.827	3.285	0.977	1329.724	307.0	328.889	1.247	0.084
20220817	09	-8.25	116.25	44.345	0.022	72.98	286.787	25.736	-109.321	3.416	0.977	1329.724	0.0	309.476	1.206	0.08
20220817	09	-9.0	110.25	26.552	0.016	67.551	288.588	31.639	-107.351	2.619	0.977	1329.724		435.573	0.763	0.058
20220817	09	-9.0	111.0	25.673	0.028	68.263	288.373	30.914	-107.728	2.7	0.977	1329.724		422.56	0.807	0.062
20220817	09	-9.0	111.75	27.177	0.015	68.957	288.167	30.21	-108.113	2.785	0.977	1329.724		410.933	0.907	0.07
20220817	09	-9.0	112.5	30.201	0.017	69.671	287.96	29.489	-108.53	2.878	0.977	1329.724		389.938	1.014	0.082
20220817	09	-9.0	113.25	34.402	0.016	70.367	287.763	28.788	-108.956	2.976	0.977	1329.724		348.64	1.131	0.091
20220817	09	-9.0	114.0	36.48	0.023	71.082	287.564	28.07	-109.417	3.084	0.977	1329.724		316.124	1.177	0.095
20220817	09	-9.0	114.75	37.287	0.023	71.779	287.375	27.373	-109.891	3.198	0.977	1329.724		300.516	1.231	0.093
20220817	09	-9.0	115.5	38.134	0.023	72.496	287.184	26.66	-110.405	3.325	0.977	1329.724		277.493	1.206	0.083
20220817	09	-9.0	116.25	40.207	0.018	73.195	287.002	25.967	-110.933	3.459	0.977	1329.724		256.658	1.201	0.086
20220817	12	-5.25	110.25	44.2		109.883	282.293	30.868	-100.293		0.977	1329.724	0.0	0.0	1.387	0.07
20220817	12	-5.25	111.0	41.944		110.623	282.283	30.12	-100.526		0.977	1329.724	0.0	0.0	1.244	0.071
20220817	12	-5.25	111.75	40.223		111.343	282.275	29.393	-100.765		0.977	1329.724		0.0	1.124	0.075
20220817	12	-5.25	112.5	40.42		112.082	282.269	28.647	-101.024		0.977	1329.724	0.0	0.0	1.052	0.077
20220817	12	-5.25	113.25	43.085		112.802	282.266	27.921	-101.29		0.977	1329.724		0.0	1.005	0.083
20220817	12	-5.25	114.0	45.963		113.542	282.265	27.176	-101.579		0.977	1329.724	0.0	0.0	0.946	0.086
20220817	12	-5.25	114.75	46.993		114.262	282.267	26.451	-101.877		0.977	1329.724	0.0	0.0	0.893	0.084
20220817	12	-5.25	115.5	46.954		115.002	282.271	25.708	-102.201		0.977	1329.724		0.0	0.856	0.082
20220817	12	-5.25	116.25	46.12		115.722	282.277	24.985	-102.535		0.977	1329.724		0.0	0.856	0.08
20220817	12	-6.0	110.25	44.249		110.039	282.03	30.99	-101.713		0.977	1329.724	0.0	0.0	1.609	0.099
20220817	12	-6.0	111.0	41.809		110.779	282.01	30.246	-101.977		0.977	1329.724	0.0	0.0	1.53	0.087
20220817	12	-6.0	111.75	38.129		111.498	281.991	29.522	-102.247		0.977	1329.724	0.0	0.0	1.387	0.073
20220817	12	-6.0	112.5	37.69		112.238	281.975	28.78	-102.54		0.977	1329.724	0.0	0.0	1.226	0.067
20220817	12	-6.0	113.25	39.46		112.958	281.961	28.058	-102.84		0.977	1329.724	0.0	0.0	1.108	0.069
20220817	12	-6.0	114.0	41.848		113.697	281.949	27.317	-103.166		0.977	1329.724	0.0	0.0	1.034	0.07
20220817	12	-6.0	114.75	43.204		114.417	281.94	26.597	-103.501		0.977	1329.724	0.0	0.0	0.939	0.068
20220817	12	-6.0	115.5	43.327		115.157	281.932	25.859	-103.866		0.977	1329.724	0.0	0.0	0.859	0.068
20220817	12	-6.0	116.25	43.036		115.877	281.928	25.141	-104.243		0.977	1329.724	0.0	0.0	0.822	0.074
20220817	12	-6.75	110.25	42.001		110.196	281.758	31.131	-103.161		0.977	1329.724	0.0	0.0	1.627	0.143
20220817	12	-6.75	111.0	41.254		110.935	281.726	30.391	-103.455		0.977	1329.724	36.0	0.0	1.642	0.129
20220817	12	-6.75	111.75	39.37		111.654	281.697	29.672	-103.756		0.977	1329.724	0.0	0.0	1.641	0.122
20220817	12	-6.75	112.5	38.717		112.394	281.67	28.934	-104.082		0.977	1329.724	0.0	0.0	1.522	0.101
20220817	12	-6.75	113.25	41.655		113.113	281.645	28.217	-104.416		0.977	1329.724	0.0	0.0	1.304	0.077
20220817	12	-6.75	114.0	42.475		113.852	281.621	27.481	-104.778		0.977	1329.724	0.0	0.0	1.191	0.067
20220817	12	-6.75	114.75	43.696		114.572	281.601	26.767	-105.152		0.977	1329.724	0.0	0.0	1.074	0.063
20220817	12	-6.75	115.5	44.309		115.312	281.582	26.034	-105.557		0.977	1329.724	0.0	0.0	0.986	0.06
20220817	12	-6.75	116.25	44.12		116.031	281.566	25.321	-105.975		0.977	1329.724	0.0	0.0	0.916	0.065
20220817	12	-7.5	110.25	32.428		110.345	281.49	31.283	-104.558		0.977	1329.724	340.0	0.0	1.386	0.094
20220817	12	-7.5	111.0	34.36		111.084	281.448	30.548	-104.881		0.977	1329.724	158.0	0.0	1.531	0.107
20220817	12	-7.5	111.75	37.837		111.803	281.408	29.834	-105.211		0.977	1329.724	152.0	0.0	1.66	0.163
20220817	12	-7.5	112.5	38.915		112.541	281.37	29.101	-105.568		0.977	1329.724	27.0	0.0	1.628	0.177
20220817	12	-7.5	113.25	41.911		113.261	281.334	28.389	-105.934		0.977	1329.724	0.0	0.0	1.43	0.126
20220817	12	-7.5	114.0	42.155		113.999	281.3	27.659	-106.331		0.977	1329.724	0.0	0.0	1.316	0.09
20220817	12	-7.5	114.75	43.393		114.719	281.268	26.949	-106.739		0.977	1329.724	0.0	0.0	1.191	0.069
20220817	12	-7.5	115.5	43.159		115.458	281.238	26.222	-107.182		0.977	1329.724	0.0	0.0	1.108	0.064
20220817	12	-7.5	116.25	45.268		116.178	281.21	25.516	-107.638		0.977	1329.724		0.0	1.026	0.06
20220817	12	-8.25	110.25	29.565		110.495	281.213	31.456	-105.98		0.977	1329.724	0.0	0.0	0.923	0.06
20220817	12	-8.25	111.0	30.079		111.233	281.159	30.726	-106.331		0.977	1329.724	0.0	0.0	1.049	0.065
20220817	12	-8.25	111.75	31.555		111.951	281.109	30.016	-106.69		0.977	1329.724	179.0	0.0	1.169	0.074
20220817	12	-8.25	112.5	33.924		112.689	281.059	29.289	-107.077		0.977	1329.724	450.0	0.0	1.284	0.097
20220817	12	-8.25	113.25	36.782		113.408	281.013	28.583	-107.475		0.977	1329.724	5.0	0.0	1.384	0.136
20220817	12	-8.25	114.0	37.76		114.146	280.966	27.859	-107.905		0.977	1329.724	520.0	0.0	1.324	0.111
20220817	12	-8.25	114.75	39.874		114.865	280.924	27.155	-108.347		0.977	1329.724	685.0	0.0	1.221	0.083
20220817	12	-8.25	115.5	41.282		115.604	280.881	26.435	-108.827		0.977	1329.724	307.0	0.0	1.191	0.086
20220817	12	-8.25	116.25	46.344		116.323	280.842	25.736	-109.321		0.977	1329.724	0.0	0.0	1.186	0.089
20220817	12	-9.0	110.25	25.424		110.637	280.941	31.639	-107.351		0.977	1329.724		0.0	0.784	0.061
20220817	12	-9.0	111.0	26.545		111.374	280.876	30.914	-107.728		0.977	1329.724		0.0	0.87	0.068
20220817	12	-9.0	111.75	29.262		112.092	280.815	30.21	-108.113		0.977	1329.724		0.0	1.002	0.074
20220817	12	-9.0	112.5	32.702		112.829	280.754	29.489	-108.53		0.977	1329.724		0.0	1.106	0.08
20220817	12	-9.0	113.25	36.149		113.547	280.697	28.788	-108.956		0.977	1329.724		0.0	1.163	0.085
20220817	12	-9.0	114.0	37.192		114.285	280.64	28.07	-109.417		0.977	1329.724		0.0	1.167	0.084
20220817	12	-9.0	114.75	38.028		115.003	280.586	27.373	-109.891		0.977	1329.724		0.0	1.179	0.081
20220817	12	-9.0	115.5	40.161		115.741	280.532	26.66	-110.405		0.977	1329.724		0.0	1.118	0.087
20220817	12	-9.0	116.25	42.006		116.46	280.481	25.967	-110.933		0.977	1329.724		0.0	1.126	0.097
20220817	15	-5.25	110.25	42.367		153.352	289.343	30.868	-100.293		0.977	1329.724	0.0	0.0	1.391	0.077
20220817	15	-5.25	111.0	40.188		154.065	289.787	30.12	-100.526		0.977	1329.724	0.0	0.0	1.207	0.068
20220817	15	-5.25	111.75	39.127		154.757	290.245	29.393	-100.765		0.977	1329.724		0.0	1.077	0.066
20220817	15	-5.25	112.5	40.496		155.466	290.747	28.647	-101.024		0.977	1329.724	0.0	0.0	1.013	0.07
20220817	15	-5.25	113.25	44.617		156.154	291.267	27.921	-101.29		0.977	1329.724		0.0	0.955	0.078
20220817	15	-5.25	114.0	47.244		156.858	291.837	27.176	-101.579		0.977	1329.724	0.0	0.0	0.908	0.081
20220817	15	-5.25	114.75	47.926		157.541	292.43	26.451	-101.877		0.977	1329.724	0.0	0.0	0.868	0.08
20220817	15	-5.25	115.5	46.873		158.238	293.08	25.708	-102.201		0.977	1329.724		0.0	0.831	0.082
20220817	15	-5.25	116.25	45.815		158.915	293.759	24.985	-102.535		0.977	1329.724		0.0	0.83	0.083
20220817	15	-6.0	110.25	43.823		153.588	287.939	30.99	-101.713		0.977	1329.724	0.0	0.0	1.588	0.115
20220817	15	-6.0	111.0	40.434		154.307	288.341	30.246	-101.977		0.977	1329.724	0.0	0.0	1.509	0.095
20220817	15	-6.0	111.75	38.332		155.004	288.758	29.522	-102.247		0.977	1329.724	0.0	0.0	1.354	0.076
20220817	15	-6.0	112.5	38.932		155.719	289.214	28.78	-102.54		0.977	1329.724	0.0	0.0	1.199	0.063
20220817	15	-6.0	113.25	41.557		156.413	289.689	28.058	-102.84		0.977	1329.724	0.0	0.0	1.063	0.066
20220817	15	-6.0	114.0	43.705		157.123	290.21	27.317	-103.166		0.977	1329.724	0.0	0.0	0.982	0.066
20220817	15	-6.0	114.75	44.737		157.813	290.754	26.597	-103.501		0.977	1329.724	0.0	0.0	0.898	0.067
20220817	15	-6.0	115.5	44.459		158.518	291.352	25.859	-103.866		0.977	1329.724	0.0	0.0	0.847	0.071
20220817	15	-6.0	116.25	44.088		159.202	291.977	25.141	-104.243		0.977	1329.724	0.0	0.0	0.822	0.078
20220817	15	-6.75	110.25	41.459		153.813	286.47	31.131	-103.161		0.977	1329.724	0.0	0.0	1.614	0.148
20220817	15	-6.75	111.0	40.733		154.536	286.827	30.391	-103.455		0.977	1329.724	36.0	0.0	1.63	0.147
20220817	15	-6.75	111.75	41.217		155.239	287.199	29.672	-103.756		0.977	1329.724	0.0	0.0	1.613	0.144
20220817	15	-6.75	112.5	41.674		155.959	287.607	28.934	-104.082		0.977	1329.724	0.0	0.0	1.462	0.104
20220817	15	-6.75	113.25	43.614		156.659	288.032	28.217	-104.416		0.977	1329.724	0.0	0.0	1.273	0.074
20220817	15	-6.75	114.0	43.805		157.375	288.501	27.481	-104.778		0.977	1329.724	0.0	0.0	1.152	0.063
20220817	15	-6.75	114.75	44.832		158.071	288.99	26.767	-105.152		0.977	1329.724	0.0	0.0	1.064	0.062
20220817	15	-6.75	115.5	45.623		158.784	289.53	26.034	-105.557		0.977	1329.724	0.0	0.0	1.001	0.061
20220817	15	-6.75	116.25	45.262		159.475	290.096	25.321	-105.975		0.977	1329.724	0.0	0.0	0.921	0.068
20220817	15	-7.5	110.25	33.658		154.014	285.015	31.283	-104.558		0.977	1329.724	340.0	0.0	1.316	0.105
20220817	15	-7.5	111.0	35.885		154.741	285.327	30.548	-104.881		0.977	1329.724	158.0	0.0	1.521	0.134
20220817	15	-7.5	111.75	39.948		155.448	285.652	29.834	-105.211		0.977	1329.724	152.0	0.0	1.63	0.208
20220817	15	-7.5	112.5	41.463		156.173	286.011	29.101	-105.568		0.977	1329.724	27.0	0.0	1.546	0.177
20220817	15	-7.5	113.25	42.223		156.878	286.386	28.389	-105.934		0.977	1329.724	0.0	0.0	1.37	0.105
20220817	15	-7.5	114.0	41.75		157.6	286.799	27.659	-106.331		0.977	1329.724	0.0	0.0	1.244	0.077
20220817	15	-7.5	114.75	44.559		158.301	287.233	26.949	-106.739		0.977	1329.724	0.0	0.0	1.167	0.072
20220817	15	-7.5	115.5	45.996		159.02	287.713	26.222	-107.182		0.977	1329.724	0.0	0.0	1.139	0.071
20220817	15	-7.5	116.25	47.764		159.718	288.217	25.516	-107.638		0.977	1329.724		0.0	1.064	0.067
20220817	15	-8.25	110.25	32.512		154.201	283.498	31.456	-105.98		0.977	1329.724	0.0	0.0	0.911	0.078
20220817	15	-8.25	111.0	33.221		154.932	283.761	30.726	-106.331		0.977	1329.724	0.0	0.0	1.023	0.087
20220817	15	-8.25	111.75	35.145		155.643	284.037	30.016	-106.69		0.977	1329.724	179.0	0.0	1.16	0.092
20220817	15	-8.25	112.5	36.647		156.372	284.342	29.289	-107.077		0.977	1329.724	450.0	0.0	1.26	0.112
20220817	15	-8.25	113.25	37.78		157.081	284.662	28.583	-107.475		0.977	1329.724	5.0	0.0	1.334	0.129
20220817	15	-8.25	114.0	38.748		157.808	285.017	27.859	-107.905		0.977	1329.724	520.0	0.0	1.214	0.101
20220817	15	-8.25	114.75	42.676		158.515	285.39	27.155	-108.347		0.977	1329.724	685.0	0.0	1.128	0.086
20220817	15	-8.25	115.5	44.381		159.239	285.804	26.435	-108.827		0.977	1329.724	307.0	0.0	1.169	0.094
20220817	15	-8.25	116.25	46.799		159.943	286.241	25.736	-109.321		0.977	1329.724	0.0	0.0	1.189	0.088
20220817	15	-9.0	110.25	28.018		154.364	281.999	31.639	-107.351		0.977	1329.724		0.0	0.832	0.076
20220817	15	-9.0	111.0	29.887		155.098	282.214	30.914	-107.728		0.977	1329.724		0.0	0.926	0.079
20220817	15	-9.0	111.75	33.231		155.812	282.44	30.21	-108.113		0.977	1329.724		0.0	1.032	0.083
20220817	15	-9.0	112.5	36.25		156.545	282.691	29.489	-108.53		0.977	1329.724		0.0	1.081	0.084
20220817	15	-9.0	113.25	38.133		157.258	282.955	28.788	-108.956		0.977	1329.724		0.0	1.101	0.085
20220817	15	-9.0	114.0	39.397		157.989	283.25	28.07	-109.417		0.977	1329.724		0.0	1.087	0.085
20220817	15	-9.0	114.75	41.323		158.7	283.561	27.373	-109.891		0.977	1329.724		0.0	1.07	0.088
20220817	15	-9.0	115.5	41.907		159.429	283.908	26.66	-110.405		0.977	1329.724		0.0	1.098	0.092
20220817	15	-9.0	116.25	43.039		160.138	284.275	25.967	-110.933		0.977	1329.724		0.0	1.142	0.095
20220817	18	-5.25	110.25	41.597		159.425	65.817	30.868	-100.293		0.977	1329.724	0.0	0.0	1.37	0.091
20220817	18	-5.25	111.0	42.023		158.732	66.547	30.12	-100.526		0.977	1329.724	0.0	0.0	1.186	0.083
20220817	18	-5.25	111.75	42.562		158.055	67.209	29.393	-100.765		0.977	1329.724		0.0	1.048	0.074
20220817	18	-5.25	112.5	44.095		157.355	67.845	28.647	-101.024		0.977	1329.724	0.0	0.0	0.964	0.073
20220817	18	-5.25	113.25	46.593		156.672	68.424	27.921	-101.29		0.977	1329.724		0.0	0.908	0.079
20220817	18	-5.25	114.0	47.409		155.966	68.981	27.176	-101.579		0.977	1329.724	0.0	0.0	0.884	0.077
20220817	18	-5.25	114.75	46.841		155.277	69.49	26.451	-101.877		0.977	1329.724	0.0	0.0	0.862	0.076
20220817	18	-5.25	115.5	45.613		154.568	69.98	25.708	-102.201		0.977	1329.724		0.0	0.826	0.081
20220817	18	-5.25	116.25	45.611		153.874	70.429	24.985	-102.535		0.977	1329.724		0.0	0.834	0.085
20220817	18	-6.0	110.25	44.634		159.717	67.642	30.99	-101.713		0.977	1329.724	0.0	0.0	1.575	0.143
20220817	18	-6.0	111.0	42.499		159.016	68.315	30.246	-101.977		0.977	1329.724	0.0	0.0	1.49	0.123
20220817	18	-6.0	111.75	41.579		158.331	68.925	29.522	-102.247		0.977	1329.724	0.0	0.0	1.349	0.088
20220817	18	-6.0	112.5	42.169		157.625	69.509	28.78	-102.54		0.977	1329.724	0.0	0.0	1.163	0.065
20220817	18	-6.0	113.25	44.45		156.934	70.039	28.058	-102.84		0.977	1329.724	0.0	0.0	1.032	0.066
20220817	18	-6.0	114.0	46.064		156.222	70.548	27.317	-103.166		0.977	1329.724	0.0	0.0	0.97	0.069
20220817	18	-6.0	114.75	46.943		155.528	71.011	26.597	-103.501		0.977	1329.724	0.0	0.0	0.914	0.07
20220817	18	-6.0	115.5	46.376		154.812	71.457	25.859	-103.866		0.977	1329.724	0.0	0.0	0.869	0.074
20220817	18	-6.0	116.25	46.05		154.113	71.865	25.141	-104.243		0.977	1329.724	0.0	0.0	0.84	0.086
20220817	18	-6.75	110.25	41.325		159.994	69.571	31.131	-103.161		0.977	1329.724	0.0	0.0	1.594	0.152
20220817	18	-6.75	111.0	41.324		159.286	70.181	30.391	-103.455		0.977	1329.724	36.0	0.0	1.616	0.169
20220817	18	-6.75	111.75	42.843		158.593	70.733	29.672	-103.756		0.977	1329.724	0.0	0.0	1.569	0.152
20220817	18	-6.75	112.5	42.937		157.88	71.259	28.934	-104.082		0.977	1329.724	0.0	0.0	1.372	0.093
20220817	18	-6.75	113.25	44.347		157.183	71.735	28.217	-104.416		0.977	1329.724	0.0	0.0	1.238	0.068
20220817	18	-6.75	114.0	45.888		156.465	72.192	27.481	-104.778		0.977	1329.724	0.0	0.0	1.152	0.065
20220817	18	-6.75	114.75	47.771		155.765	72.606	26.767	-105.152		0.977	1329.724	0.0	0.0	1.079	0.066
20220817	18	-6.75	115.5	48.23		155.044	73.004	26.034	-105.557		0.977	1329.724	0.0	0.0	1.023	0.066
20220817	18	-6.75	116.25	47.415		154.34	73.367	25.321	-105.975		0.977	1329.724	0.0	0.0	0.947	0.08
20220817	18	-7.5	110.25	35.45		160.241	71.5	31.283	-104.558		0.977	1329.724	340.0	0.0	1.303	0.117
20220817	18	-7.5	111.0	37.618		159.525	72.045	30.548	-104.881		0.977	1329.724	158.0	0.0	1.474	0.145
20220817	18	-7.5	111.75	40.804		158.826	72.535	29.834	-105.211		0.977	1329.724	152.0	0.0	1.543	0.173
20220817	18	-7.5	112.5	40.575		158.107	73.001	29.101	-105.568		0.977	1329.724	27.0	0.0	1.433	0.124
20220817	18	-7.5	113.25	40.767		157.404	73.423	28.389	-105.934		0.977	1329.724	0.0	0.0	1.31	0.087
20220817	18	-7.5	114.0	42.302		156.682	73.825	27.659	-106.331		0.977	1329.724	0.0	0.0	1.179	0.073
20220817	18	-7.5	114.75	46.158		155.976	74.19	26.949	-106.739		0.977	1329.724	0.0	0.0	1.163	0.073
20220817	18	-7.5	115.5	47.615		155.251	74.538	26.222	-107.182		0.977	1329.724	0.0	0.0	1.139	0.076
20220817	18	-7.5	116.25	48.216		154.543	74.855	25.516	-107.638		0.977	1329.724		0.0	1.102	0.077
20220817	18	-8.25	110.25	36.167		160.469	73.531	31.456	-105.98		0.977	1329.724	0.0	0.0	0.946	0.083
20220817	18	-8.25	111.0	36.704		159.747	74.003	30.726	-106.331		0.977	1329.724	0.0	0.0	1.058	0.091
20220817	18	-8.25	111.75	37.978		159.043	74.426	30.016	-106.69		0.977	1329.724	179.0	0.0	1.159	0.103
20220817	18	-8.25	112.5	38.183		158.317	74.828	29.289	-107.077		0.977	1329.724	450.0	0.0	1.223	0.112
20220817	18	-8.25	113.25	38.73		157.61	75.19	28.583	-107.475		0.977	1329.724	5.0	0.0	1.247	0.113
20220817	18	-8.25	114.0	40.392		156.882	75.534	27.859	-107.905		0.977	1329.724	520.0	0.0	1.103	0.098
20220817	18	-8.25	114.75	44.429		156.173	75.844	27.155	-108.347		0.977	1329.724	685.0	0.0	1.081	0.087
20220817	18	-8.25	115.5	44.728		155.443	76.14	26.435	-108.827		0.977	1329.724	307.0	0.0	1.165	0.092
20220817	18	-8.25	116.25	45.458		154.732	76.408	25.736	-109.321		0.977	1329.724	0.0	0.0	1.185	0.088
20220817	18	-9.0	110.25	32.48		160.667	75.553	31.639	-107.351		0.977	1329.724		0.0	0.877	0.084
20220817	18	-9.0	111.0	35.204		159.939	75.95	30.914	-107.728		0.977	1329.724		0.0	0.935	0.085
20220817	18	-9.0	111.75	37.659		159.23	76.305	30.21	-108.113		0.977	1329.724		0.0	0.997	0.09
20220817	18	-9.0	112.5	39.663		158.5	76.64	29.489	-108.53		0.977	1329.724		0.0	0.981	0.095
20220817	18	-9.0	113.25	40.991		157.788	76.941	28.788	-108.956		0.977	1329.724		0.0	0.996	0.092
20220817	18	-9.0	114.0	42.204		157.057	77.226	28.07	-109.417		0.977	1329.724		0.0	0.998	0.093
20220817	18	-9.0	114.75	44.343		156.343	77.481	27.373	-109.891		0.977	1329.724		0.0	1.032	0.091
20220817	18	-9.0	115.5	43.784		155.61	77.724	26.66	-110.405		0.977	1329.724		0.0	1.111	0.094
20220817	18	-9.0	116.25	44.222		154.896	77.942	25.967	-110.933		0.977	1329.724		0.0	1.111	0.095
20220817	21	-5.25	110.25	44.631		116.253	77.85	30.868	-100.293		0.977	1329.724	0.0	0.0	1.352	0.104
20220817	21	-5.25	111.0	45.088		115.513	77.858	30.12	-100.526		0.977	1329.724	0.0	0.0	1.191	0.091
20220817	21	-5.25	111.75	45.908		114.793	77.863	29.393	-100.765		0.977	1329.724		0.0	1.031	0.08
20220817	21	-5.25	112.5	47.084		114.053	77.865	28.647	-101.024		0.977	1329.724	0.0	0.0	0.932	0.08
20220817	21	-5.25	113.25	47.795		113.333	77.866	27.921	-101.29		0.977	1329.724		0.0	0.899	0.08
20220817	21	-5.25	114.0	47.309		112.593	77.863	27.176	-101.579		0.977	1329.724	0.0	0.0	0.878	0.078
20220817	21	-5.25	114.75	46.287		111.872	77.859	26.451	-101.877		0.977	1329.724	0.0	0.0	0.859	0.076
20220817	21	-5.25	115.5	45.707		111.133	77.852	25.708	-102.201		0.977	1329.724		0.0	0.828	0.082
20220817	21	-5.25	116.25	47.061		110.412	77.843	24.985	-102.535		0.977	1329.724		0.0	0.836	0.085
20220817	21	-6.0	110.25	46.223		116.407	78.209	30.99	-101.713		0.977	1329.724	0.0	0.0	1.56	0.161
20220817	21	-6.0	111.0	44.891		115.667	78.205	30.246	-101.977		0.977	1329.724	0.0	0.0	1.502	0.138
20220817	21	-6.0	111.75	44.504		114.946	78.198	29.522	-102.247		0.977	1329.724	0.0	0.0	1.344	0.1
20220817	21	-6.0	112.5	45.645		114.207	78.19	28.78	-102.54		0.977	1329.724	0.0	0.0	1.161	0.073
20220817	21	-6.0	113.25	47.356		113.486	78.179	28.058	-102.84		0.977	1329.724	0.0	0.0	1.021	0.074
20220817	21	-6.0	114.0	47.932		112.746	78.166	27.317	-103.166		0.977	1329.724	0.0	0.0	0.967	0.07
20220817	21	-6.0	114.75	47.775		112.026	78.15	26.597	-103.501		0.977	1329.724	0.0	0.0	0.912	0.071
20220817	21	-6.0	115.5	47.438		111.287	78.133	25.859	-103.866		0.977	1329.724	0.0	0.0	0.876	0.078
20220817	21	-6.0	116.25	47.93		110.566	78.113	25.141	-104.243		0.977	1329.724	0.0	0.0	0.845	0.089
20220817	21	-6.75	110.25	41.856		116.56	78.579	31.131	-103.161		0.977	1329.724	0.0	0.0	1.558	0.142
20220817	21	-6.75	111.0	42.846		115.82	78.564	30.391	-103.455		0.977	1329.724	36.0	0.0	1.572	0.163
20220817	21	-6.75	111.75	44.082		115.1	78.546	29.672	-103.756		0.977	1329.724	0.0	0.0	1.518	0.146
20220817	21	-6.75	112.5	44.742		114.36	78.526	28.934	-104.082		0.977	1329.724	0.0	0.0	1.332	0.092
20220817	21	-6.75	113.25	46.719		113.64	78.504	28.217	-104.416		0.977	1329.724	0.0	0.0	1.22	0.072
20220817	21	-6.75	114.0	48.266		112.9	78.479	27.481	-104.778		0.977	1329.724	0.0	0.0	1.135	0.066
20220817	21	-6.75	114.75	48.982		112.18	78.453	26.767	-105.152		0.977	1329.724	0.0	0.0	1.079	0.068
20220817	21	-6.75	115.5	48.533		111.441	78.424	26.034	-105.557		0.977	1329.724	0.0	0.0	1.046	0.071
20220817	21	-6.75	116.25	48.016		110.721	78.394	25.321	-105.975		0.977	1329.724	0.0	0.0	0.982	0.085
20220817	21	-7.5	110.25	37.678		116.704	78.943	31.283	-104.558		0.977	1329.724	340.0	0.0	1.301	0.109
20220817	21	-7.5	111.0	39.527		115.964	78.916	30.548	-104.881		0.977	1329.724	158.0	0.0	1.387	0.12
20220817	21	-7.5	111.75	41.318		115.244	78.887	29.834	-105.211		0.977	1329.724	152.0	0.0	1.452	0.143
20220817	21	-7.5	112.5	40.482		114.505	78.855	29.101	-105.568		0.977	1329.724	27.0	0.0	1.378	0.109
20220817	21	-7.5	113.25	41.398		113.785	78.822	28.389	-105.934		0.977	1329.724	0.0	0.0	1.261	0.08
20220817	21	-7.5	114.0	43.785		113.046	78.786	27.659	-106.331		0.977	1329.724	0.0	0.0	1.142	0.069
20220817	21	-7.5	114.75	46.678		112.327	78.749	26.949	-106.739		0.977	1329.724	0.0	0.0	1.166	0.073
20220817	21	-7.5	115.5	46.984		111.588	78.71	26.222	-107.182		0.977	1329.724	0.0	0.0	1.152	0.078
20220817	21	-7.5	116.25	47.326		110.868	78.669	25.516	-107.638		0.977	1329.724		0.0	1.119	0.082
20220817	21	-8.25	110.25	40.66		116.847	79.32	31.456	-105.98		0.977	1329.724	0.0	0.0	0.945	0.087
20220817	21	-8.25	111.0	40.621		116.108	79.28	30.726	-106.331		0.977	1329.724	0.0	0.0	1.035	0.106
20220817	21	-8.25	111.75	40.482		115.389	79.24	30.016	-106.69		0.977	1329.724	179.0	0.0	1.127	0.108
20220817	21	-8.25	112.5	39.73		114.65	79.196	29.289	-107.077		0.977	1329.724	450.0	0.0	1.175	0.104
20220817	21	-8.25	113.25	39.965		113.931	79.152	28.583	-107.475		0.977	1329.724	5.0	0.0	1.162	0.104
20220817	21	-8.25	114.0	41.4		113.192	79.105	27.859	-107.905		0.977	1329.724	520.0	0.0	1.062	0.09
20220817	21	-8.25	114.75	44.504		112.473	79.057	27.155	-108.347		0.977	1329.724	685.0	0.0	1.111	0.086
20220817	21	-8.25	115.5	44.066		111.734	79.006	26.435	-108.827		0.977	1329.724	307.0	0.0	1.16	0.088
20220817	21	-8.25	116.25	44.541		111.016	78.954	25.736	-109.321		0.977	1329.724	0.0	0.0	1.151	0.087
20220817	21	-9.0	110.25	37.471		116.982	79.689	31.639	-107.351		0.977	1329.724		0.0	0.829	0.094
20220817	21	-9.0	111.0	39.715		116.243	79.638	30.914	-107.728		0.977	1329.724		0.0	0.845	0.095
20220817	21	-9.0	111.75	41.113		115.525	79.586	30.21	-108.113		0.977	1329.724		0.0	0.894	0.085
20220817	21	-9.0	112.5	42.531		114.786	79.531	29.489	-108.53		0.977	1329.724		0.0	0.899	0.084
20220817	21	-9.0	113.25	43.805		114.068	79.476	28.788	-108.956		0.977	1329.724		0.0	0.935	0.088
20220817	21	-9.0	114.0	44.572		113.33	79.417	28.07	-109.417		0.977	1329.724		0.0	0.99	0.091
20220817	21	-9.0	114.75	46.152		112.611	79.359	27.373	-109.891		0.977	1329.724		0.0	1.033	0.099
20220817	21	-9.0	115.5	45.098		111.874	79.296	26.66	-110.405		0.977	1329.724		0.0	1.064	0.096
20220817	21	-9.0	116.25	44.564		111.156	79.234	25.967	-110.933		0.977	1329.724		0.0	1.042	0.092
